1 ggb 0 18 16
2 syy 0 46 48
3 vab 0 50 52
4 zrn 0 23 28
5 azu 3 0 29
6 fsk 4 95 94
7 lnt 5 2 23
8 cnf 5 45 12
9 ldv 5 86 16
10 lsg 6 77 30
11 fnf 6 3 94
12 srt 6 41 64
13 ijt 6 79 23
14 gek 10 33 59
15 lhc 15 32 8
16 mxu 16 95 83
17 vgu 17 75 89
18 nqd 17 69 38
19 muv 17 11 71
20 qzh 20 11 83
21 grp 24 57 60
22 par 25 72 56
23 psu 28 88 24
24 kep 31 58 5
25 euh 32 0 52
26 sre 33 37 23
27 pbn 33 53 87
28 qnq 34 10 55
29 zpv 36 44 42
30 jaz 36 61 72
31 lch 36 25 93
32 mmt 36 37 96
33 ytj 36 69 71
34 xoh 37 46 58
35 rcv 38 2 4
36 xot 39 44 66
37 kku 42 89 9
38 oej 42 55 36
39 zdq 42 26 16
40 ipf 49 64 58
41 ect 50 77 7
42 evi 51 6 50
43 esj 54 21 54
44 ojw 56 62 46
45 hoo 57 53 55
46 ixj 58 98 56
47 ksf 58 28 67
48 fmz 59 84 23
49 poe 61 7 30
50 atx 62 10 21
51 fuv 62 23 38
52 mnm 63 58 0
53 klj 64 14 14
54 psa 64 21 51
55 ycx 65 33 41
56 dzq 66 2 60
57 awd 66 17 12
58 bxd 67 96 60
59 cpw 67 17 26
60 efx 67 97 73
61 dcy 69 51 93
62 vxh 69 66 37
63 zje 70 73 77
64 gxp 70 54 24
65 vrv 73 21 58
66 amy 73 13 30
67 zob 75 70 74
68 qco 75 70 57
69 nfe 77 74 13
70 qmk 80 64 86
71 dmb 80 1 87
72 prj 80 29 29
73 rte 82 58 94
74 aov 83 61 69
75 phq 84 69 0
76 vqg 85 2 85
77 mea 85 5 64
78 wgb 86 14 34
79 lyj 86 35 16
80 kka 88 31 76
81 rpn 88 29 41
82 mbo 90 13 63
83 izc 90 25 92
84 stm 91 88 42
85 nke 91 29 22
86 xxz 92 23 43
87 pjs 95 27 99
88 oov 95 74 36
89 gzq 96 58 57
90 lfd 97 95 91
91 rep 97 62 44
92 fad 97 24 45
93 oke 98 89 81
94 eed 99 77 87
95 eqt 100 5 84
96 hnk 102 38 22
97 diu 104 2 11
98 uxw 104 68 99
99 ncb 108 18 99
100 wqy 109 57 72
